G0.001-0.058    786,607         1260    420	2.2
G0.014+0.021    151,151         210     120	3.5
G0.054+0.027    246,212         420     210	4.1
G0.068-0.075    337,255         420     210	2.4
G0.070-0.035    770,526         1050    420	1.9
G0.106-0.082    270,199         420     210	2.2
G0.145-0.086    343,268         420     210	2.1
G0.212-0.001    245,229         420     210	1.7
G0.253+0.016    339,306         420     210	3.2
G0.316-0.201    245,230         420     210	4.1
G0.326-0.085    567,429         840     320	2.4
G0.340+0.055    295,312         420     210	1.7
G0.380+0.050    265,354         420     210	2.8
G0.393-0.034    245,230         420     210	2.0
G0.412+0.052    296,380         630     210	1.8
G0.489+0.010    566,573         630     320	2.0
G0.619+0.012    1818,1593       2352    950	3.7
G0.699-0.028    756,682         1680    420	9.3
G0.714-0.100    854,866         1050    550	3.0
G0.891-0.048    1156,778        1260    630	2.5
G1.038-0.074    1036,833        1260    630	2.1
G1.085-0.027    544,476         630     320	2.1
G1.127-0.106    192,156         210     120	4.4
G1.602+0.018    340,488         630     320	1.9
G1.651-0.050    427,491         630     320	2.5
G1.670-0.130    287,263         420     210	2.8
G1.683-0.089    396,206         420     210	2.9
G359.137+0.031  244,232         420     210	3.5
G359.484-0.132  654,629         840     420	1.5
G359.611+0.018  395,248         420     210	1.7
G359.615-0.243  242,228         420     210	3.5
G359.648-0.133  555,326         630     320	1.8
G359.734+0.002  254,326         420     210	1.8
G359.863-0.069  571,305         630     320	2.0
G359.865+0.022  305,267         420     210	1.8
G359.889-0.093  905,523         1050    550	2.7
G359.948-0.052  827,432         840     420	6.6
